000001 SZ 1 0.01
000002 SZ 1 0.01
000005 SZ 1 0.01
000006 SZ 1 0.01
000008 SZ 1 0.01
000009 SZ 1 0.01
000010 SZ 1 0.01
000011 SZ 1 0.01
000012 SZ 1 0.01
000014 SZ 1 0.01
000016 SZ 1 0.01
000018 SZ 1 0.01
000019 SZ 1 0.01
000021 SZ 1 0.01
000022 SZ 1 0.01
000025 SZ 1 0.01
000027 SZ 1 0.01
000028 SZ 1 0.01
000029 SZ 1 0.01
000031 SZ 1 0.01
000034 SZ 1 0.01
000035 SZ 1 0.01
000036 SZ 1 0.01
000038 SZ 1 0.01
000039 SZ 1 0.01
000040 SZ 1 0.01
000042 SZ 1 0.01
000043 SZ 1 0.01
000048 SZ 1 0.01
000049 SZ 1 0.01
000050 SZ 1 0.01
000055 SZ 1 0.01
000058 SZ 1 0.01
000059 SZ 1 0.01
000060 SZ 1 0.01
000061 SZ 1 0.01
000062 SZ 1 0.01
000063 SZ 1 0.01
000065 SZ 1 0.01
000066 SZ 1 0.01
000069 SZ 1 0.01
000070 SZ 1 0.01
000078 SZ 1 0.01
000088 SZ 1 0.01
000089 SZ 1 0.01
000090 SZ 1 0.01
000099 SZ 1 0.01
000100 SZ 1 0.01
000150 SZ 1 0.01
000151 SZ 1 0.01
000155 SZ 1 0.01
000156 SZ 1 0.01
000157 SZ 1 0.01
000158 SZ 1 0.01
000159 SZ 1 0.01
000166 SZ 1 0.01
000301 SZ 1 0.01
000333 SZ 1 0.01
000338 SZ 1 0.01
000400 SZ 1 0.01
000401 SZ 1 0.01
000402 SZ 1 0.01
000404 SZ 1 0.01
000407 SZ 1 0.01
000408 SZ 1 0.01
000409 SZ 1 0.01
000410 SZ 1 0.01
000413 SZ 1 0.01
000415 SZ 1 0.01
000416 SZ 1 0.01
000417 SZ 1 0.01
000418 SZ 1 0.01
000419 SZ 1 0.01
000423 SZ 1 0.01
000425 SZ 1 0.01
000426 SZ 1 0.01
000488 SZ 1 0.01
000498 SZ 1 0.01
000501 SZ 1 0.01
000503 SZ 1 0.01
000506 SZ 1 0.01
000507 SZ 1 0.01
000511 SZ 1 0.01
000513 SZ 1 0.01
000514 SZ 1 0.01
000516 SZ 1 0.01
000517 SZ 1 0.01
000518 SZ 1 0.01
000519 SZ 1 0.01
000520 SZ 1 0.01
000523 SZ 1 0.01
000525 SZ 1 0.01
000528 SZ 1 0.01
000531 SZ 1 0.01
000532 SZ 1 0.01
000533 SZ 1 0.01
000536 SZ 1 0.01
000537 SZ 1 0.01
000538 SZ 1 0.01
000540 SZ 1 0.01
000541 SZ 1 0.01
000543 SZ 1 0.01
000544 SZ 1 0.01
000545 SZ 1 0.01
000546 SZ 1 0.01
000547 SZ 1 0.01
000548 SZ 1 0.01
000551 SZ 1 0.01
000552 SZ 1 0.01
000553 SZ 1 0.01
000554 SZ 1 0.01
000555 SZ 1 0.01
000558 SZ 1 0.01
000559 SZ 1 0.01
000561 SZ 1 0.01
000563 SZ 1 0.01
000566 SZ 1 0.01
000568 SZ 1 0.01
000570 SZ 1 0.01
000571 SZ 1 0.01
000572 SZ 1 0.01
000573 SZ 1 0.01
000576 SZ 1 0.01
000581 SZ 1 0.01
000582 SZ 1 0.01
000584 SZ 1 0.01
000587 SZ 1 0.01
000591 SZ 1 0.01
000592 SZ 1 0.01
000596 SZ 1 0.01
000598 SZ 1 0.01
000600 SZ 1 0.01
000601 SZ 1 0.01
000603 SZ 1 0.01
000605 SZ 1 0.01
000607 SZ 1 0.01
000612 SZ 1 0.01
000615 SZ 1 0.01
000616 SZ 1 0.01
000620 SZ 1 0.01
000623 SZ 1 0.01
000625 SZ 1 0.01
000626 SZ 1 0.01
000627 SZ 1 0.01
000629 SZ 1 0.01
000630 SZ 1 0.01
000636 SZ 1 0.01
000637 SZ 1 0.01
000639 SZ 1 0.01
000650 SZ 1 0.01
000651 SZ 1 0.01
000652 SZ 1 0.01
000656 SZ 1 0.01
000657 SZ 1 0.01
000661 SZ 1 0.01
000662 SZ 1 0.01
000665 SZ 1 0.01
000666 SZ 1 0.01
000667 SZ 1 0.01
000669 SZ 1 0.01
000670 SZ 1 0.01
000671 SZ 1 0.01
000672 SZ 1 0.01
000673 SZ 1 0.01
000676 SZ 1 0.01
000680 SZ 1 0.01
000681 SZ 1 0.01
000683 SZ 1 0.01
000685 SZ 1 0.01
000686 SZ 1 0.01
000687 SZ 1 0.01
000688 SZ 1 0.01
000690 SZ 1 0.01
000697 SZ 1 0.01
000700 SZ 1 0.01
000701 SZ 1 0.01
000703 SZ 1 0.01
000709 SZ 1 0.01
000710 SZ 1 0.01
000712 SZ 1 0.01
000717 SZ 1 0.01
000718 SZ 1 0.01
000719 SZ 1 0.01
000722 SZ 1 0.01
000723 SZ 1 0.01
000725 SZ 1 0.01
000726 SZ 1 0.01
000727 SZ 1 0.01
000728 SZ 1 0.01
000729 SZ 1 0.01
000731 SZ 1 0.01
000732 SZ 1 0.01
000733 SZ 1 0.01
000735 SZ 1 0.01
000738 SZ 1 0.01
000739 SZ 1 0.01
000750 SZ 1 0.01
000751 SZ 1 0.01
000752 SZ 1 0.01
000757 SZ 1 0.01
000758 SZ 1 0.01
000760 SZ 1 0.01
000761 SZ 1 0.01
000762 SZ 1 0.01
000766 SZ 1 0.01
000767 SZ 1 0.01
000768 SZ 1 0.01
000776 SZ 1 0.01
000777 SZ 1 0.01
000778 SZ 1 0.01
000782 SZ 1 0.01
000783 SZ 1 0.01
000786 SZ 1 0.01
000789 SZ 1 0.01
000790 SZ 1 0.01
000791 SZ 1 0.01
000792 SZ 1 0.01
000793 SZ 1 0.01
000795 SZ 1 0.01
000796 SZ 1 0.01
000797 SZ 1 0.01
000799 SZ 1 0.01
000800 SZ 1 0.01
000801 SZ 1 0.01
000802 SZ 1 0.01
000806 SZ 1 0.01
000807 SZ 1 0.01
000810 SZ 1 0.01
000811 SZ 1 0.01
000816 SZ 1 0.01
000818 SZ 1 0.01
000819 SZ 1 0.01
000820 SZ 1 0.01
000821 SZ 1 0.01
000822 SZ 1 0.01
000823 SZ 1 0.01
000825 SZ 1 0.01
000826 SZ 1 0.01
000828 SZ 1 0.01
000829 SZ 1 0.01
000830 SZ 1 0.01
000831 SZ 1 0.01
000836 SZ 1 0.01
000837 SZ 1 0.01
000838 SZ 1 0.01
000839 SZ 1 0.01
000848 SZ 1 0.01
000851 SZ 1 0.01
000852 SZ 1 0.01
000856 SZ 1 0.01
000858 SZ 1 0.01
000860 SZ 1 0.01
000863 SZ 1 0.01
000868 SZ 1 0.01
000869 SZ 1 0.01
000875 SZ 1 0.01
000876 SZ 1 0.01
000877 SZ 1 0.01
000878 SZ 1 0.01
000881 SZ 1 0.01
000882 SZ 1 0.01
000885 SZ 1 0.01
000886 SZ 1 0.01
000887 SZ 1 0.01
000889 SZ 1 0.01
000892 SZ 1 0.01
000893 SZ 1 0.01
000895 SZ 1 0.01
000897 SZ 1 0.01
000898 SZ 1 0.01
000899 SZ 1 0.01
000900 SZ 1 0.01
000901 SZ 1 0.01
000902 SZ 1 0.01
000905 SZ 1 0.01
000909 SZ 1 0.01
000910 SZ 1 0.01
000912 SZ 1 0.01
000915 SZ 1 0.01
000917 SZ 1 0.01
000918 SZ 1 0.01
000920 SZ 1 0.01
000921 SZ 1 0.01
000923 SZ 1 0.01
000925 SZ 1 0.01
000926 SZ 1 0.01
000927 SZ 1 0.01
000928 SZ 1 0.01
000930 SZ 1 0.01
000932 SZ 1 0.01
000933 SZ 1 0.01
000935 SZ 1 0.01
000936 SZ 1 0.01
000937 SZ 1 0.01
000938 SZ 1 0.01
000939 SZ 1 0.01
000948 SZ 1 0.01
000950 SZ 1 0.01
000951 SZ 1 0.01
000952 SZ 1 0.01
000957 SZ 1 0.01
000958 SZ 1 0.01
000959 SZ 1 0.01
000960 SZ 1 0.01
000961 SZ 1 0.01
000963 SZ 1 0.01
000965 SZ 1 0.01
000967 SZ 1 0.01
000969 SZ 1 0.01
000970 SZ 1 0.01
000971 SZ 1 0.01
000973 SZ 1 0.01
000975 SZ 1 0.01
000976 SZ 1 0.01
000977 SZ 1 0.01
000979 SZ 1 0.01
000980 SZ 1 0.01
000983 SZ 1 0.01
000988 SZ 1 0.01
000989 SZ 1 0.01
000990 SZ 1 0.01
000996 SZ 1 0.01
000997 SZ 1 0.01
000998 SZ 1 0.01
000999 SZ 1 0.01
001696 SZ 1 0.01
001896 SZ 1 0.01
001965 SZ 1 0.01
001979 SZ 1 0.01
002001 SZ 1 0.01
002002 SZ 1 0.01
002004 SZ 1 0.01
002005 SZ 1 0.01
002007 SZ 1 0.01
002008 SZ 1 0.01
002009 SZ 1 0.01
002011 SZ 1 0.01
002013 SZ 1 0.01
002016 SZ 1 0.01
002017 SZ 1 0.01
002018 SZ 1 0.01
002019 SZ 1 0.01
002020 SZ 1 0.01
002022 SZ 1 0.01
002023 SZ 1 0.01
002024 SZ 1 0.01
002025 SZ 1 0.01
002027 SZ 1 0.01
002028 SZ 1 0.01
002030 SZ 1 0.01
002031 SZ 1 0.01
002032 SZ 1 0.01
002033 SZ 1 0.01
002035 SZ 1 0.01
002036 SZ 1 0.01
002038 SZ 1 0.01
002041 SZ 1 0.01
002042 SZ 1 0.01
002043 SZ 1 0.01
002044 SZ 1 0.01
002045 SZ 1 0.01
002047 SZ 1 0.01
002048 SZ 1 0.01
002049 SZ 1 0.01
002050 SZ 1 0.01
002051 SZ 1 0.01
002053 SZ 1 0.01
002055 SZ 1 0.01
002056 SZ 1 0.01
002059 SZ 1 0.01
002060 SZ 1 0.01
002061 SZ 1 0.01
002063 SZ 1 0.01
002064 SZ 1 0.01
002065 SZ 1 0.01
002067 SZ 1 0.01
002068 SZ 1 0.01
002071 SZ 1 0.01
002072 SZ 1 0.01
002073 SZ 1 0.01
002074 SZ 1 0.01
002078 SZ 1 0.01
002079 SZ 1 0.01
002080 SZ 1 0.01
002081 SZ 1 0.01
002085 SZ 1 0.01
002086 SZ 1 0.01
002089 SZ 1 0.01
002091 SZ 1 0.01
002092 SZ 1 0.01
002093 SZ 1 0.01
002094 SZ 1 0.01
002095 SZ 1 0.01
002097 SZ 1 0.01
002099 SZ 1 0.01
002100 SZ 1 0.01
002102 SZ 1 0.01
002103 SZ 1 0.01
002104 SZ 1 0.01
002106 SZ 1 0.01
002108 SZ 1 0.01
002110 SZ 1 0.01
002111 SZ 1 0.01
002113 SZ 1 0.01
002114 SZ 1 0.01
002115 SZ 1 0.01
002117 SZ 1 0.01
002118 SZ 1 0.01
002120 SZ 1 0.01
002121 SZ 1 0.01
002122 SZ 1 0.01
002123 SZ 1 0.01
002124 SZ 1 0.01
002126 SZ 1 0.01
002127 SZ 1 0.01
002128 SZ 1 0.01
002129 SZ 1 0.01
002130 SZ 1 0.01
002131 SZ 1 0.01
002135 SZ 1 0.01
002137 SZ 1 0.01
002138 SZ 1 0.01
002139 SZ 1 0.01
002141 SZ 1 0.01
002142 SZ 1 0.01
002143 SZ 1 0.01
002145 SZ 1 0.01
002146 SZ 1 0.01
002147 SZ 1 0.01
002148 SZ 1 0.01
002151 SZ 1 0.01
002152 SZ 1 0.01
002153 SZ 1 0.01
002154 SZ 1 0.01
002155 SZ 1 0.01
002156 SZ 1 0.01
002157 SZ 1 0.01
002158 SZ 1 0.01
002161 SZ 1 0.01
002162 SZ 1 0.01
002166 SZ 1 0.01
002167 SZ 1 0.01
002170 SZ 1 0.01
002171 SZ 1 0.01
002172 SZ 1 0.01
002174 SZ 1 0.01
002175 SZ 1 0.01
002176 SZ 1 0.01
002177 SZ 1 0.01
002178 SZ 1 0.01
002179 SZ 1 0.01
002182 SZ 1 0.01
002183 SZ 1 0.01
002185 SZ 1 0.01
002188 SZ 1 0.01
002190 SZ 1 0.01
002191 SZ 1 0.01
002192 SZ 1 0.01
002194 SZ 1 0.01
002195 SZ 1 0.01
002196 SZ 1 0.01
002197 SZ 1 0.01
002198 SZ 1 0.01
002202 SZ 1 0.01
002203 SZ 1 0.01
002204 SZ 1 0.01
002206 SZ 1 0.01
002208 SZ 1 0.01
002210 SZ 1 0.01
002212 SZ 1 0.01
002215 SZ 1 0.01
002217 SZ 1 0.01
002218 SZ 1 0.01
002221 SZ 1 0.01
002222 SZ 1 0.01
002223 SZ 1 0.01
002224 SZ 1 0.01
002226 SZ 1 0.01
002227 SZ 1 0.01
002229 SZ 1 0.01
002230 SZ 1 0.01
002231 SZ 1 0.01
002232 SZ 1 0.01
002233 SZ 1 0.01
002234 SZ 1 0.01
002235 SZ 1 0.01
002236 SZ 1 0.01
002237 SZ 1 0.01
002239 SZ 1 0.01
002240 SZ 1 0.01
002241 SZ 1 0.01
002242 SZ 1 0.01
002244 SZ 1 0.01
002245 SZ 1 0.01
002246 SZ 1 0.01
002247 SZ 1 0.01
002249 SZ 1 0.01
002250 SZ 1 0.01
002251 SZ 1 0.01
002252 SZ 1 0.01
002253 SZ 1 0.01
002254 SZ 1 0.01
002255 SZ 1 0.01
002256 SZ 1 0.01
002258 SZ 1 0.01
002259 SZ 1 0.01
002260 SZ 1 0.01
002261 SZ 1 0.01
002262 SZ 1 0.01
002263 SZ 1 0.01
002264 SZ 1 0.01
002265 SZ 1 0.01
002266 SZ 1 0.01
002268 SZ 1 0.01
002269 SZ 1 0.01
002270 SZ 1 0.01
002271 SZ 1 0.01
002273 SZ 1 0.01
002274 SZ 1 0.01
002276 SZ 1 0.01
002277 SZ 1 0.01
002279 SZ 1 0.01
002280 SZ 1 0.01
002281 SZ 1 0.01
002283 SZ 1 0.01
002284 SZ 1 0.01
002285 SZ 1 0.01
002287 SZ 1 0.01
002288 SZ 1 0.01
002292 SZ 1 0.01
002294 SZ 1 0.01
002296 SZ 1 0.01
002298 SZ 1 0.01
002299 SZ 1 0.01
002300 SZ 1 0.01
002301 SZ 1 0.01
002302 SZ 1 0.01
002303 SZ 1 0.01
002304 SZ 1 0.01
002305 SZ 1 0.01
002307 SZ 1 0.01
002308 SZ 1 0.01
002309 SZ 1 0.01
002310 SZ 1 0.01
002311 SZ 1 0.01
002312 SZ 1 0.01
002313 SZ 1 0.01
002314 SZ 1 0.01
002315 SZ 1 0.01
002317 SZ 1 0.01
002318 SZ 1 0.01
002320 SZ 1 0.01
002321 SZ 1 0.01
002322 SZ 1 0.01
002323 SZ 1 0.01
002324 SZ 1 0.01
002325 SZ 1 0.01
002326 SZ 1 0.01
002328 SZ 1 0.01
002329 SZ 1 0.01
002331 SZ 1 0.01
002332 SZ 1 0.01
002335 SZ 1 0.01
002339 SZ 1 0.01
002340 SZ 1 0.01
002341 SZ 1 0.01
002342 SZ 1 0.01
002343 SZ 1 0.01
002344 SZ 1 0.01
002345 SZ 1 0.01
002346 SZ 1 0.01
002348 SZ 1 0.01
002349 SZ 1 0.01
002350 SZ 1 0.01
002351 SZ 1 0.01
002352 SZ 1 0.01
002353 SZ 1 0.01
002354 SZ 1 0.01
002355 SZ 1 0.01
002356 SZ 1 0.01
002358 SZ 1 0.01
002359 SZ 1 0.01
002362 SZ 1 0.01
002363 SZ 1 0.01
002364 SZ 1 0.01
002365 SZ 1 0.01
002366 SZ 1 0.01
002367 SZ 1 0.01
002368 SZ 1 0.01
002369 SZ 1 0.01
002371 SZ 1 0.01
002372 SZ 1 0.01
002373 SZ 1 0.01
002375 SZ 1 0.01
002376 SZ 1 0.01
002378 SZ 1 0.01
002382 SZ 1 0.01
002383 SZ 1 0.01
002384 SZ 1 0.01
002385 SZ 1 0.01
002386 SZ 1 0.01
002387 SZ 1 0.01
002388 SZ 1 0.01
002389 SZ 1 0.01
002390 SZ 1 0.01
002392 SZ 1 0.01
002393 SZ 1 0.01
002396 SZ 1 0.01
002400 SZ 1 0.01
002401 SZ 1 0.01
002402 SZ 1 0.01
002405 SZ 1 0.01
002406 SZ 1 0.01
002407 SZ 1 0.01
002408 SZ 1 0.01
002409 SZ 1 0.01
002410 SZ 1 0.01
002411 SZ 1 0.01
002413 SZ 1 0.01
002414 SZ 1 0.01
002415 SZ 1 0.01
002416 SZ 1 0.01
002418 SZ 1 0.01
002419 SZ 1 0.01
002421 SZ 1 0.01
002422 SZ 1 0.01
002424 SZ 1 0.01
002425 SZ 1 0.01
002426 SZ 1 0.01
002427 SZ 1 0.01
002428 SZ 1 0.01
002429 SZ 1 0.01
002430 SZ 1 0.01
002431 SZ 1 0.01
002432 SZ 1 0.01
002433 SZ 1 0.01
002434 SZ 1 0.01
002436 SZ 1 0.01
002437 SZ 1 0.01
002439 SZ 1 0.01
002440 SZ 1 0.01
002441 SZ 1 0.01
002443 SZ 1 0.01
002444 SZ 1 0.01
002445 SZ 1 0.01
002446 SZ 1 0.01
002447 SZ 1 0.01
002448 SZ 1 0.01
002449 SZ 1 0.01
002450 SZ 1 0.01
002451 SZ 1 0.01
002452 SZ 1 0.01
002453 SZ 1 0.01
002456 SZ 1 0.01
002457 SZ 1 0.01
002458 SZ 1 0.01
002459 SZ 1 0.01
002460 SZ 1 0.01
002461 SZ 1 0.01
002462 SZ 1 0.01
002463 SZ 1 0.01
002464 SZ 1 0.01
002465 SZ 1 0.01
002466 SZ 1 0.01
002467 SZ 1 0.01
002468 SZ 1 0.01
002470 SZ 1 0.01
002471 SZ 1 0.01
002472 SZ 1 0.01
002474 SZ 1 0.01
002475 SZ 1 0.01
002476 SZ 1 0.01
002477 SZ 1 0.01
002479 SZ 1 0.01
002481 SZ 1 0.01
002482 SZ 1 0.01
002483 SZ 1 0.01
002484 SZ 1 0.01
002488 SZ 1 0.01
002489 SZ 1 0.01
002491 SZ 1 0.01
002493 SZ 1 0.01
002494 SZ 1 0.01
002496 SZ 1 0.01
002497 SZ 1 0.01
002499 SZ 1 0.01
002500 SZ 1 0.01
002501 SZ 1 0.01
002502 SZ 1 0.01
002503 SZ 1 0.01
002505 SZ 1 0.01
002506 SZ 1 0.01
002507 SZ 1 0.01
002508 SZ 1 0.01
002509 SZ 1 0.01
002510 SZ 1 0.01
002511 SZ 1 0.01
002512 SZ 1 0.01
002515 SZ 1 0.01
002516 SZ 1 0.01
002517 SZ 1 0.01
002518 SZ 1 0.01
002519 SZ 1 0.01
002521 SZ 1 0.01
002522 SZ 1 0.01
002524 SZ 1 0.01
002527 SZ 1 0.01
002528 SZ 1 0.01
002531 SZ 1 0.01
002535 SZ 1 0.01
002537 SZ 1 0.01
002538 SZ 1 0.01
002539 SZ 1 0.01
002540 SZ 1 0.01
002542 SZ 1 0.01
002543 SZ 1 0.01
002544 SZ 1 0.01
002545 SZ 1 0.01
002546 SZ 1 0.01
002547 SZ 1 0.01
002550 SZ 1 0.01
002551 SZ 1 0.01
002554 SZ 1 0.01
002555 SZ 1 0.01
002556 SZ 1 0.01
002558 SZ 1 0.01
002559 SZ 1 0.01
002562 SZ 1 0.01
002564 SZ 1 0.01
002567 SZ 1 0.01
002570 SZ 1 0.01
002572 SZ 1 0.01
002573 SZ 1 0.01
002574 SZ 1 0.01
002575 SZ 1 0.01
002577 SZ 1 0.01
002579 SZ 1 0.01
002583 SZ 1 0.01
002584 SZ 1 0.01
002585 SZ 1 0.01
002586 SZ 1 0.01
002588 SZ 1 0.01
002589 SZ 1 0.01
002590 SZ 1 0.01
002592 SZ 1 0.01
002594 SZ 1 0.01
002596 SZ 1 0.01
002597 SZ 1 0.01
002600 SZ 1 0.01
002601 SZ 1 0.01
002602 SZ 1 0.01
002603 SZ 1 0.01
002604 SZ 1 0.01
002605 SZ 1 0.01
002606 SZ 1 0.01
002609 SZ 1 0.01
002610 SZ 1 0.01
002611 SZ 1 0.01
002612 SZ 1 0.01
002614 SZ 1 0.01
002616 SZ 1 0.01
002617 SZ 1 0.01
002618 SZ 1 0.01
002619 SZ 1 0.01
002622 SZ 1 0.01
002624 SZ 1 0.01
002625 SZ 1 0.01
002626 SZ 1 0.01
002630 SZ 1 0.01
002631 SZ 1 0.01
002635 SZ 1 0.01
002636 SZ 1 0.01
002638 SZ 1 0.01
002640 SZ 1 0.01
002642 SZ 1 0.01
002643 SZ 1 0.01
002644 SZ 1 0.01
002646 SZ 1 0.01
002647 SZ 1 0.01
002648 SZ 1 0.01
002649 SZ 1 0.01
002650 SZ 1 0.01
002651 SZ 1 0.01
002655 SZ 1 0.01
002657 SZ 1 0.01
002658 SZ 1 0.01
002660 SZ 1 0.01
002662 SZ 1 0.01
002663 SZ 1 0.01
002664 SZ 1 0.01
002665 SZ 1 0.01
002667 SZ 1 0.01
002668 SZ 1 0.01
002670 SZ 1 0.01
002672 SZ 1 0.01
002673 SZ 1 0.01
002675 SZ 1 0.01
002676 SZ 1 0.01
002677 SZ 1 0.01
002678 SZ 1 0.01
002681 SZ 1 0.01
002684 SZ 1 0.01
002690 SZ 1 0.01
002694 SZ 1 0.01
002695 SZ 1 0.01
002697 SZ 1 0.01
002699 SZ 1 0.01
002701 SZ 1 0.01
002703 SZ 1 0.01
002707 SZ 1 0.01
002709 SZ 1 0.01
002711 SZ 1 0.01
002712 SZ 1 0.01
002714 SZ 1 0.01
002716 SZ 1 0.01
002717 SZ 1 0.01
002721 SZ 1 0.01
002724 SZ 1 0.01
002726 SZ 1 0.01
002727 SZ 1 0.01
002733 SZ 1 0.01
002736 SZ 1 0.01
002737 SZ 1 0.01
002739 SZ 1 0.01
002741 SZ 1 0.01
002742 SZ 1 0.01
002745 SZ 1 0.01
002746 SZ 1 0.01
002747 SZ 1 0.01
002751 SZ 1 0.01
002752 SZ 1 0.01
002756 SZ 1 0.01
002759 SZ 1 0.01
002762 SZ 1 0.01
002766 SZ 1 0.01
002769 SZ 1 0.01
002771 SZ 1 0.01
002772 SZ 1 0.01
002777 SZ 1 0.01
002781 SZ 1 0.01
002782 SZ 1 0.01
002783 SZ 1 0.01
002786 SZ 1 0.01
002788 SZ 1 0.01
002790 SZ 1 0.01
002791 SZ 1 0.01
002792 SZ 1 0.01
002797 SZ 1 0.01
002801 SZ 1 0.01
002802 SZ 1 0.01
002807 SZ 1 0.01
002812 SZ 1 0.01
002815 SZ 1 0.01
002818 SZ 1 0.01
002821 SZ 1 0.01
002822 SZ 1 0.01
002831 SZ 1 0.01
002839 SZ 1 0.01
002841 SZ 1 0.01
002916 SZ 1 0.01
002920 SZ 1 0.01
002925 SZ 1 0.01
002926 SZ 1 0.01
002929 SZ 1 0.01
300001 SZ 1 0.01
300002 SZ 1 0.01
300003 SZ 1 0.01
300004 SZ 1 0.01
300005 SZ 1 0.01
300006 SZ 1 0.01
300007 SZ 1 0.01
300008 SZ 1 0.01
300009 SZ 1 0.01
300010 SZ 1 0.01
300011 SZ 1 0.01
300012 SZ 1 0.01
300014 SZ 1 0.01
300015 SZ 1 0.01
300016 SZ 1 0.01
300017 SZ 1 0.01
300018 SZ 1 0.01
300020 SZ 1 0.01
300021 SZ 1 0.01
300024 SZ 1 0.01
300026 SZ 1 0.01
300027 SZ 1 0.01
300028 SZ 1 0.01
300030 SZ 1 0.01
300031 SZ 1 0.01
300032 SZ 1 0.01
300033 SZ 1 0.01
300034 SZ 1 0.01
300036 SZ 1 0.01
300037 SZ 1 0.01
300038 SZ 1 0.01
300039 SZ 1 0.01
300043 SZ 1 0.01
300044 SZ 1 0.01
300045 SZ 1 0.01
300047 SZ 1 0.01
300048 SZ 1 0.01
300050 SZ 1 0.01
300051 SZ 1 0.01
300052 SZ 1 0.01
300053 SZ 1 0.01
300054 SZ 1 0.01
300055 SZ 1 0.01
300056 SZ 1 0.01
300058 SZ 1 0.01
300059 SZ 1 0.01
300063 SZ 1 0.01
300064 SZ 1 0.01
300065 SZ 1 0.01
300066 SZ 1 0.01
300068 SZ 1 0.01
300070 SZ 1 0.01
300071 SZ 1 0.01
300072 SZ 1 0.01
300073 SZ 1 0.01
300074 SZ 1 0.01
300075 SZ 1 0.01
300076 SZ 1 0.01
300077 SZ 1 0.01
300078 SZ 1 0.01
300079 SZ 1 0.01
300083 SZ 1 0.01
300084 SZ 1 0.01
300085 SZ 1 0.01
300086 SZ 1 0.01
300088 SZ 1 0.01
300090 SZ 1 0.01
300096 SZ 1 0.01
300097 SZ 1 0.01
300098 SZ 1 0.01
300100 SZ 1 0.01
300101 SZ 1 0.01
300102 SZ 1 0.01
300104 SZ 1 0.01
300109 SZ 1 0.01
300110 SZ 1 0.01
300111 SZ 1 0.01
300113 SZ 1 0.01
300114 SZ 1 0.01
300115 SZ 1 0.01
300116 SZ 1 0.01
300117 SZ 1 0.01
300118 SZ 1 0.01
300122 SZ 1 0.01
300124 SZ 1 0.01
300128 SZ 1 0.01
300130 SZ 1 0.01
300131 SZ 1 0.01
300133 SZ 1 0.01
300134 SZ 1 0.01
300135 SZ 1 0.01
300136 SZ 1 0.01
300137 SZ 1 0.01
300140 SZ 1 0.01
300142 SZ 1 0.01
300144 SZ 1 0.01
300145 SZ 1 0.01
300146 SZ 1 0.01
300147 SZ 1 0.01
300148 SZ 1 0.01
300149 SZ 1 0.01
300152 SZ 1 0.01
300156 SZ 1 0.01
300157 SZ 1 0.01
300159 SZ 1 0.01
300160 SZ 1 0.01
300162 SZ 1 0.01
300165 SZ 1 0.01
300166 SZ 1 0.01
300168 SZ 1 0.01
300170 SZ 1 0.01
300171 SZ 1 0.01
300172 SZ 1 0.01
300173 SZ 1 0.01
300175 SZ 1 0.01
300176 SZ 1 0.01
300177 SZ 1 0.01
300178 SZ 1 0.01
300180 SZ 1 0.01
300181 SZ 1 0.01
300182 SZ 1 0.01
300183 SZ 1 0.01
300185 SZ 1 0.01
300187 SZ 1 0.01
300188 SZ 1 0.01
300191 SZ 1 0.01
300193 SZ 1 0.01
300194 SZ 1 0.01
300195 SZ 1 0.01
300197 SZ 1 0.01
300198 SZ 1 0.01
300199 SZ 1 0.01
300202 SZ 1 0.01
300203 SZ 1 0.01
300204 SZ 1 0.01
300205 SZ 1 0.01
300206 SZ 1 0.01
300207 SZ 1 0.01
300208 SZ 1 0.01
300209 SZ 1 0.01
300212 SZ 1 0.01
300213 SZ 1 0.01
300215 SZ 1 0.01
300216 SZ 1 0.01
300217 SZ 1 0.01
300219 SZ 1 0.01
300221 SZ 1 0.01
300222 SZ 1 0.01
300223 SZ 1 0.01
300224 SZ 1 0.01
300226 SZ 1 0.01
300227 SZ 1 0.01
300228 SZ 1 0.01
300229 SZ 1 0.01
300231 SZ 1 0.01
300232 SZ 1 0.01
300236 SZ 1 0.01
300237 SZ 1 0.01
300238 SZ 1 0.01
300242 SZ 1 0.01
300244 SZ 1 0.01
300245 SZ 1 0.01
300246 SZ 1 0.01
300248 SZ 1 0.01
300251 SZ 1 0.01
300252 SZ 1 0.01
300253 SZ 1 0.01
300255 SZ 1 0.01
300256 SZ 1 0.01
300257 SZ 1 0.01
300262 SZ 1 0.01
300263 SZ 1 0.01
300266 SZ 1 0.01
300267 SZ 1 0.01
300269 SZ 1 0.01
300271 SZ 1 0.01
300273 SZ 1 0.01
300274 SZ 1 0.01
300276 SZ 1 0.01
300278 SZ 1 0.01
300284 SZ 1 0.01
300285 SZ 1 0.01
300287 SZ 1 0.01
300288 SZ 1 0.01
300291 SZ 1 0.01
300292 SZ 1 0.01
300294 SZ 1 0.01
300295 SZ 1 0.01
300296 SZ 1 0.01
300297 SZ 1 0.01
300299 SZ 1 0.01
300300 SZ 1 0.01
300302 SZ 1 0.01
300303 SZ 1 0.01
300304 SZ 1 0.01
300307 SZ 1 0.01
300308 SZ 1 0.01
300309 SZ 1 0.01
300310 SZ 1 0.01
300311 SZ 1 0.01
300312 SZ 1 0.01
300314 SZ 1 0.01
300315 SZ 1 0.01
300316 SZ 1 0.01
300317 SZ 1 0.01
300318 SZ 1 0.01
300322 SZ 1 0.01
300323 SZ 1 0.01
300324 SZ 1 0.01
300326 SZ 1 0.01
300327 SZ 1 0.01
300328 SZ 1 0.01
300332 SZ 1 0.01
300333 SZ 1 0.01
300334 SZ 1 0.01
300336 SZ 1 0.01
300337 SZ 1 0.01
300339 SZ 1 0.01
300340 SZ 1 0.01
300342 SZ 1 0.01
300343 SZ 1 0.01
300347 SZ 1 0.01
300348 SZ 1 0.01
300349 SZ 1 0.01
300350 SZ 1 0.01
300351 SZ 1 0.01
300352 SZ 1 0.01
300353 SZ 1 0.01
300355 SZ 1 0.01
300356 SZ 1 0.01
300358 SZ 1 0.01
300359 SZ 1 0.01
300362 SZ 1 0.01
300363 SZ 1 0.01
300364 SZ 1 0.01
300366 SZ 1 0.01
300367 SZ 1 0.01
300368 SZ 1 0.01
300369 SZ 1 0.01
300373 SZ 1 0.01
300376 SZ 1 0.01
300377 SZ 1 0.01
300378 SZ 1 0.01
300379 SZ 1 0.01
300380 SZ 1 0.01
300381 SZ 1 0.01
300383 SZ 1 0.01
300384 SZ 1 0.01
300386 SZ 1 0.01
300388 SZ 1 0.01
300392 SZ 1 0.01
300398 SZ 1 0.01
300399 SZ 1 0.01
300401 SZ 1 0.01
300403 SZ 1 0.01
300406 SZ 1 0.01
300408 SZ 1 0.01
300409 SZ 1 0.01
300410 SZ 1 0.01
300413 SZ 1 0.01
300415 SZ 1 0.01
300418 SZ 1 0.01
300419 SZ 1 0.01
300422 SZ 1 0.01
300424 SZ 1 0.01
300426 SZ 1 0.01
300429 SZ 1 0.01
300431 SZ 1 0.01
300432 SZ 1 0.01
300433 SZ 1 0.01
300436 SZ 1 0.01
300438 SZ 1 0.01
300439 SZ 1 0.01
300440 SZ 1 0.01
300441 SZ 1 0.01
300443 SZ 1 0.01
300444 SZ 1 0.01
300447 SZ 1 0.01
300448 SZ 1 0.01
300449 SZ 1 0.01
300450 SZ 1 0.01
300451 SZ 1 0.01
300456 SZ 1 0.01
300457 SZ 1 0.01
300458 SZ 1 0.01
300459 SZ 1 0.01
300463 SZ 1 0.01
300465 SZ 1 0.01
300467 SZ 1 0.01
300468 SZ 1 0.01
300471 SZ 1 0.01
300473 SZ 1 0.01
300474 SZ 1 0.01
300476 SZ 1 0.01
300477 SZ 1 0.01
300482 SZ 1 0.01
300484 SZ 1 0.01
300485 SZ 1 0.01
300487 SZ 1 0.01
300494 SZ 1 0.01
300495 SZ 1 0.01
300496 SZ 1 0.01
300497 SZ 1 0.01
300498 SZ 1 0.01
300502 SZ 1 0.01
300506 SZ 1 0.01
300507 SZ 1 0.01
300508 SZ 1 0.01
300511 SZ 1 0.01
300512 SZ 1 0.01
300516 SZ 1 0.01
300518 SZ 1 0.01
300519 SZ 1 0.01
300520 SZ 1 0.01
300522 SZ 1 0.01
300523 SZ 1 0.01
300527 SZ 1 0.01
300528 SZ 1 0.01
300529 SZ 1 0.01
300531 SZ 1 0.01
300533 SZ 1 0.01
300558 SZ 1 0.01
300568 SZ 1 0.01
300601 SZ 1 0.01
300616 SZ 1 0.01
300618 SZ 1 0.01
300628 SZ 1 0.01
300666 SZ 1 0.01
300676 SZ 1 0.01
300699 SZ 1 0.01
600000 SH 1 0.01
600004 SH 1 0.01
600006 SH 1 0.01
600007 SH 1 0.01
600008 SH 1 0.01
600009 SH 1 0.01
600010 SH 1 0.01
600011 SH 1 0.01
600012 SH 1 0.01
600015 SH 1 0.01
600016 SH 1 0.01
600017 SH 1 0.01
600018 SH 1 0.01
600019 SH 1 0.01
600020 SH 1 0.01
600021 SH 1 0.01
600022 SH 1 0.01
600023 SH 1 0.01
600025 SH 1 0.01
600026 SH 1 0.01
600027 SH 1 0.01
600028 SH 1 0.01
600029 SH 1 0.01
600030 SH 1 0.01
600031 SH 1 0.01
600033 SH 1 0.01
600035 SH 1 0.01
600036 SH 1 0.01
600037 SH 1 0.01
600038 SH 1 0.01
600039 SH 1 0.01
600048 SH 1 0.01
600050 SH 1 0.01
600053 SH 1 0.01
600054 SH 1 0.01
600056 SH 1 0.01
600057 SH 1 0.01
600058 SH 1 0.01
600059 SH 1 0.01
600060 SH 1 0.01
600061 SH 1 0.01
600062 SH 1 0.01
600063 SH 1 0.01
600064 SH 1 0.01
600066 SH 1 0.01
600067 SH 1 0.01
600068 SH 1 0.01
600069 SH 1 0.01
600072 SH 1 0.01
600073 SH 1 0.01
600074 SH 1 0.01
600075 SH 1 0.01
600076 SH 1 0.01
600077 SH 1 0.01
600079 SH 1 0.01
600082 SH 1 0.01
600084 SH 1 0.01
600085 SH 1 0.01
600086 SH 1 0.01
600089 SH 1 0.01
600090 SH 1 0.01
600093 SH 1 0.01
600094 SH 1 0.01
600096 SH 1 0.01
600098 SH 1 0.01
600100 SH 1 0.01
600101 SH 1 0.01
600103 SH 1 0.01
600104 SH 1 0.01
600105 SH 1 0.01
600106 SH 1 0.01
600107 SH 1 0.01
600108 SH 1 0.01
600109 SH 1 0.01
600110 SH 1 0.01
600111 SH 1 0.01
600113 SH 1 0.01
600114 SH 1 0.01
600115 SH 1 0.01
600116 SH 1 0.01
600118 SH 1 0.01
600119 SH 1 0.01
600120 SH 1 0.01
600122 SH 1 0.01
600123 SH 1 0.01
600125 SH 1 0.01
600126 SH 1 0.01
600128 SH 1 0.01
600129 SH 1 0.01
600130 SH 1 0.01
600132 SH 1 0.01
600133 SH 1 0.01
600135 SH 1 0.01
600136 SH 1 0.01
600138 SH 1 0.01
600139 SH 1 0.01
600141 SH 1 0.01
600143 SH 1 0.01
600146 SH 1 0.01
600150 SH 1 0.01
600151 SH 1 0.01
600153 SH 1 0.01
600155 SH 1 0.01
600157 SH 1 0.01
600158 SH 1 0.01
600160 SH 1 0.01
600161 SH 1 0.01
600162 SH 1 0.01
600165 SH 1 0.01
600166 SH 1 0.01
600169 SH 1 0.01
600170 SH 1 0.01
600171 SH 1 0.01
600172 SH 1 0.01
600173 SH 1 0.01
600175 SH 1 0.01
600176 SH 1 0.01
600177 SH 1 0.01
600179 SH 1 0.01
600183 SH 1 0.01
600184 SH 1 0.01
600185 SH 1 0.01
600186 SH 1 0.01
600187 SH 1 0.01
600188 SH 1 0.01
600190 SH 1 0.01
600191 SH 1 0.01
600192 SH 1 0.01
600193 SH 1 0.01
600195 SH 1 0.01
600196 SH 1 0.01
600197 SH 1 0.01
600198 SH 1 0.01
600200 SH 1 0.01
600201 SH 1 0.01
600206 SH 1 0.01
600207 SH 1 0.01
600208 SH 1 0.01
600209 SH 1 0.01
600210 SH 1 0.01
600216 SH 1 0.01
600218 SH 1 0.01
600219 SH 1 0.01
600220 SH 1 0.01
600221 SH 1 0.01
600226 SH 1 0.01
600227 SH 1 0.01
600229 SH 1 0.01
600230 SH 1 0.01
600231 SH 1 0.01
600233 SH 1 0.01
600237 SH 1 0.01
600239 SH 1 0.01
600240 SH 1 0.01
600242 SH 1 0.01
600246 SH 1 0.01
600251 SH 1 0.01
600252 SH 1 0.01
600255 SH 1 0.01
600256 SH 1 0.01
600257 SH 1 0.01
600258 SH 1 0.01
600259 SH 1 0.01
600260 SH 1 0.01
600261 SH 1 0.01
600266 SH 1 0.01
600267 SH 1 0.01
600269 SH 1 0.01
600270 SH 1 0.01
600271 SH 1 0.01
600273 SH 1 0.01
600276 SH 1 0.01
600277 SH 1 0.01
600278 SH 1 0.01
600279 SH 1 0.01
600280 SH 1 0.01
600282 SH 1 0.01
600283 SH 1 0.01
600284 SH 1 0.01
600285 SH 1 0.01
600287 SH 1 0.01
600288 SH 1 0.01
600289 SH 1 0.01
600290 SH 1 0.01
600291 SH 1 0.01
600292 SH 1 0.01
600295 SH 1 0.01
600297 SH 1 0.01
600298 SH 1 0.01
600300 SH 1 0.01
600303 SH 1 0.01
600307 SH 1 0.01
600308 SH 1 0.01
600309 SH 1 0.01
600310 SH 1 0.01
600312 SH 1 0.01
600313 SH 1 0.01
600315 SH 1 0.01
600316 SH 1 0.01
600318 SH 1 0.01
600320 SH 1 0.01
600321 SH 1 0.01
600322 SH 1 0.01
600323 SH 1 0.01
600325 SH 1 0.01
600326 SH 1 0.01
600329 SH 1 0.01
600330 SH 1 0.01
600331 SH 1 0.01
600332 SH 1 0.01
600335 SH 1 0.01
600336 SH 1 0.01
600337 SH 1 0.01
600338 SH 1 0.01
600339 SH 1 0.01
600340 SH 1 0.01
600343 SH 1 0.01
600345 SH 1 0.01
600346 SH 1 0.01
600348 SH 1 0.01
600350 SH 1 0.01
600352 SH 1 0.01
600354 SH 1 0.01
600359 SH 1 0.01
600360 SH 1 0.01
600362 SH 1 0.01
600363 SH 1 0.01
600366 SH 1 0.01
600369 SH 1 0.01
600372 SH 1 0.01
600373 SH 1 0.01
600376 SH 1 0.01
600380 SH 1 0.01
600381 SH 1 0.01
600382 SH 1 0.01
600383 SH 1 0.01
600386 SH 1 0.01
600388 SH 1 0.01
600390 SH 1 0.01
600391 SH 1 0.01
600392 SH 1 0.01
600393 SH 1 0.01
600395 SH 1 0.01
600396 SH 1 0.01
600398 SH 1 0.01
600399 SH 1 0.01
600400 SH 1 0.01
600405 SH 1 0.01
600406 SH 1 0.01
600409 SH 1 0.01
600410 SH 1 0.01
600415 SH 1 0.01
600416 SH 1 0.01
600418 SH 1 0.01
600420 SH 1 0.01
600422 SH 1 0.01
600426 SH 1 0.01
600428 SH 1 0.01
600432 SH 1 0.01
600435 SH 1 0.01
600436 SH 1 0.01
600438 SH 1 0.01
600446 SH 1 0.01
600449 SH 1 0.01
600456 SH 1 0.01
600458 SH 1 0.01
600459 SH 1 0.01
600460 SH 1 0.01
600466 SH 1 0.01
600467 SH 1 0.01
600470 SH 1 0.01
600477 SH 1 0.01
600478 SH 1 0.01
600480 SH 1 0.01
600481 SH 1 0.01
600482 SH 1 0.01
600485 SH 1 0.01
600486 SH 1 0.01
600487 SH 1 0.01
600489 SH 1 0.01
600490 SH 1 0.01
600491 SH 1 0.01
600495 SH 1 0.01
600496 SH 1 0.01
600497 SH 1 0.01
600498 SH 1 0.01
600499 SH 1 0.01
600500 SH 1 0.01
600501 SH 1 0.01
600502 SH 1 0.01
600503 SH 1 0.01
600507 SH 1 0.01
600508 SH 1 0.01
600511 SH 1 0.01
600516 SH 1 0.01
600517 SH 1 0.01
600518 SH 1 0.01
600519 SH 1 0.01
600521 SH 1 0.01
600522 SH 1 0.01
600523 SH 1 0.01
600525 SH 1 0.01
600526 SH 1 0.01
600527 SH 1 0.01
600528 SH 1 0.01
600530 SH 1 0.01
600531 SH 1 0.01
600533 SH 1 0.01
600535 SH 1 0.01
600536 SH 1 0.01
600537 SH 1 0.01
600545 SH 1 0.01
600546 SH 1 0.01
600547 SH 1 0.01
600548 SH 1 0.01
600549 SH 1 0.01
600550 SH 1 0.01
600551 SH 1 0.01
600552 SH 1 0.01
600555 SH 1 0.01
600557 SH 1 0.01
600559 SH 1 0.01
600562 SH 1 0.01
600563 SH 1 0.01
600565 SH 1 0.01
600566 SH 1 0.01
600567 SH 1 0.01
600568 SH 1 0.01
600569 SH 1 0.01
600570 SH 1 0.01
600571 SH 1 0.01
600572 SH 1 0.01
600577 SH 1 0.01
600580 SH 1 0.01
600581 SH 1 0.01
600582 SH 1 0.01
600583 SH 1 0.01
600584 SH 1 0.01
600585 SH 1 0.01
600586 SH 1 0.01
600587 SH 1 0.01
600588 SH 1 0.01
600589 SH 1 0.01
600590 SH 1 0.01
600592 SH 1 0.01
600594 SH 1 0.01
600595 SH 1 0.01
600596 SH 1 0.01
600597 SH 1 0.01
600598 SH 1 0.01
600600 SH 1 0.01
600602 SH 1 0.01
600604 SH 1 0.01
600606 SH 1 0.01
600611 SH 1 0.01
600614 SH 1 0.01
600616 SH 1 0.01
600618 SH 1 0.01
600619 SH 1 0.01
600620 SH 1 0.01
600621 SH 1 0.01
600622 SH 1 0.01
600623 SH 1 0.01
600624 SH 1 0.01
600626 SH 1 0.01
600628 SH 1 0.01
600630 SH 1 0.01
600633 SH 1 0.01
600634 SH 1 0.01
600635 SH 1 0.01
600637 SH 1 0.01
600638 SH 1 0.01
600639 SH 1 0.01
600640 SH 1 0.01
600641 SH 1 0.01
600642 SH 1 0.01
600643 SH 1 0.01
600645 SH 1 0.01
600648 SH 1 0.01
600649 SH 1 0.01
600650 SH 1 0.01
600651 SH 1 0.01
600652 SH 1 0.01
600653 SH 1 0.01
600655 SH 1 0.01
600657 SH 1 0.01
600658 SH 1 0.01
600660 SH 1 0.01
600662 SH 1 0.01
600663 SH 1 0.01
600664 SH 1 0.01
600666 SH 1 0.01
600667 SH 1 0.01
600668 SH 1 0.01
600673 SH 1 0.01
600674 SH 1 0.01
600676 SH 1 0.01
600677 SH 1 0.01
600682 SH 1 0.01
600684 SH 1 0.01
600685 SH 1 0.01
600686 SH 1 0.01
600687 SH 1 0.01
600688 SH 1 0.01
600690 SH 1 0.01
600692 SH 1 0.01
600694 SH 1 0.01
600698 SH 1 0.01
600699 SH 1 0.01
600701 SH 1 0.01
600702 SH 1 0.01
600703 SH 1 0.01
600704 SH 1 0.01
600705 SH 1 0.01
600707 SH 1 0.01
600708 SH 1 0.01
600711 SH 1 0.01
600713 SH 1 0.01
600715 SH 1 0.01
600717 SH 1 0.01
600718 SH 1 0.01
600720 SH 1 0.01
600722 SH 1 0.01
600724 SH 1 0.01
600726 SH 1 0.01
600728 SH 1 0.01
600729 SH 1 0.01
600730 SH 1 0.01
600735 SH 1 0.01
600736 SH 1 0.01
600737 SH 1 0.01
600739 SH 1 0.01
600740 SH 1 0.01
600741 SH 1 0.01
600742 SH 1 0.01
600743 SH 1 0.01
600744 SH 1 0.01
600745 SH 1 0.01
600748 SH 1 0.01
600750 SH 1 0.01
600751 SH 1 0.01
600754 SH 1 0.01
600755 SH 1 0.01
600756 SH 1 0.01
600757 SH 1 0.01
600758 SH 1 0.01
600759 SH 1 0.01
600760 SH 1 0.01
600763 SH 1 0.01
600764 SH 1 0.01
600765 SH 1 0.01
600770 SH 1 0.01
600771 SH 1 0.01
600773 SH 1 0.01
600775 SH 1 0.01
600776 SH 1 0.01
600777 SH 1 0.01
600779 SH 1 0.01
600782 SH 1 0.01
600783 SH 1 0.01
600784 SH 1 0.01
600787 SH 1 0.01
600789 SH 1 0.01
600790 SH 1 0.01
600795 SH 1 0.01
600797 SH 1 0.01
600798 SH 1 0.01
600800 SH 1 0.01
600801 SH 1 0.01
600803 SH 1 0.01
600804 SH 1 0.01
600805 SH 1 0.01
600807 SH 1 0.01
600808 SH 1 0.01
600809 SH 1 0.01
600811 SH 1 0.01
600814 SH 1 0.01
600816 SH 1 0.01
600818 SH 1 0.01
600820 SH 1 0.01
600822 SH 1 0.01
600823 SH 1 0.01
600824 SH 1 0.01
600826 SH 1 0.01
600827 SH 1 0.01
600828 SH 1 0.01
600830 SH 1 0.01
600831 SH 1 0.01
600835 SH 1 0.01
600836 SH 1 0.01
600837 SH 1 0.01
600838 SH 1 0.01
600839 SH 1 0.01
600843 SH 1 0.01
600845 SH 1 0.01
600846 SH 1 0.01
600848 SH 1 0.01
600855 SH 1 0.01
600856 SH 1 0.01
600859 SH 1 0.01
600862 SH 1 0.01
600863 SH 1 0.01
600865 SH 1 0.01
600867 SH 1 0.01
600868 SH 1 0.01
600869 SH 1 0.01
600871 SH 1 0.01
600872 SH 1 0.01
600873 SH 1 0.01
600874 SH 1 0.01
600875 SH 1 0.01
600876 SH 1 0.01
600879 SH 1 0.01
600880 SH 1 0.01
600881 SH 1 0.01
600884 SH 1 0.01
600885 SH 1 0.01
600886 SH 1 0.01
600887 SH 1 0.01
600888 SH 1 0.01
600893 SH 1 0.01
600894 SH 1 0.01
600895 SH 1 0.01
600900 SH 1 0.01
600901 SH 1 0.01
600903 SH 1 0.01
600908 SH 1 0.01
600909 SH 1 0.01
600917 SH 1 0.01
600919 SH 1 0.01
600926 SH 1 0.01
600936 SH 1 0.01
600958 SH 1 0.01
600959 SH 1 0.01
600963 SH 1 0.01
600965 SH 1 0.01
600966 SH 1 0.01
600967 SH 1 0.01
600970 SH 1 0.01
600971 SH 1 0.01
600973 SH 1 0.01
600977 SH 1 0.01
600978 SH 1 0.01
600983 SH 1 0.01
600986 SH 1 0.01
600987 SH 1 0.01
600988 SH 1 0.01
600990 SH 1 0.01
600993 SH 1 0.01
600995 SH 1 0.01
600996 SH 1 0.01
600997 SH 1 0.01
600998 SH 1 0.01
600999 SH 1 0.01
601000 SH 1 0.01
601001 SH 1 0.01
601002 SH 1 0.01
601003 SH 1 0.01
601005 SH 1 0.01
601006 SH 1 0.01
601007 SH 1 0.01
601008 SH 1 0.01
601009 SH 1 0.01
601011 SH 1 0.01
601012 SH 1 0.01
601015 SH 1 0.01
601016 SH 1 0.01
601018 SH 1 0.01
601020 SH 1 0.01
601021 SH 1 0.01
601028 SH 1 0.01
601038 SH 1 0.01
601058 SH 1 0.01
601069 SH 1 0.01
601088 SH 1 0.01
601098 SH 1 0.01
601099 SH 1 0.01
601100 SH 1 0.01
601101 SH 1 0.01
601106 SH 1 0.01
601107 SH 1 0.01
601108 SH 1 0.01
601111 SH 1 0.01
601116 SH 1 0.01
601117 SH 1 0.01
601118 SH 1 0.01
601126 SH 1 0.01
601127 SH 1 0.01
601128 SH 1 0.01
601155 SH 1 0.01
601163 SH 1 0.01
601166 SH 1 0.01
601168 SH 1 0.01
601169 SH 1 0.01
601186 SH 1 0.01
601198 SH 1 0.01
601199 SH 1 0.01
601200 SH 1 0.01
601211 SH 1 0.01
601212 SH 1 0.01
601216 SH 1 0.01
601222 SH 1 0.01
601225 SH 1 0.01
601228 SH 1 0.01
601229 SH 1 0.01
601231 SH 1 0.01
601233 SH 1 0.01
601238 SH 1 0.01
601258 SH 1 0.01
601288 SH 1 0.01
601311 SH 1 0.01
601318 SH 1 0.01
601326 SH 1 0.01
601328 SH 1 0.01
601333 SH 1 0.01
601336 SH 1 0.01
601339 SH 1 0.01
601360 SH 1 0.01
601368 SH 1 0.01
601375 SH 1 0.01
601377 SH 1 0.01
601388 SH 1 0.01
601390 SH 1 0.01
601398 SH 1 0.01
601500 SH 1 0.01
601555 SH 1 0.01
601558 SH 1 0.01
601566 SH 1 0.01
601588 SH 1 0.01
601595 SH 1 0.01
601599 SH 1 0.01
601600 SH 1 0.01
601601 SH 1 0.01
601607 SH 1 0.01
601608 SH 1 0.01
601611 SH 1 0.01
601618 SH 1 0.01
601628 SH 1 0.01
601633 SH 1 0.01
601636 SH 1 0.01
601666 SH 1 0.01
601668 SH 1 0.01
601669 SH 1 0.01
601678 SH 1 0.01
601688 SH 1 0.01
601689 SH 1 0.01
601699 SH 1 0.01
601700 SH 1 0.01
601717 SH 1 0.01
601718 SH 1 0.01
601727 SH 1 0.01
601766 SH 1 0.01
601777 SH 1 0.01
601788 SH 1 0.01
601789 SH 1 0.01
601799 SH 1 0.01
601800 SH 1 0.01
601801 SH 1 0.01
601808 SH 1 0.01
601811 SH 1 0.01
601818 SH 1 0.01
601828 SH 1 0.01
601838 SH 1 0.01
601857 SH 1 0.01
601858 SH 1 0.01
601866 SH 1 0.01
601872 SH 1 0.01
601877 SH 1 0.01
601878 SH 1 0.01
601880 SH 1 0.01
601881 SH 1 0.01
601882 SH 1 0.01
601886 SH 1 0.01
601888 SH 1 0.01
601890 SH 1 0.01
601898 SH 1 0.01
601899 SH 1 0.01
601900 SH 1 0.01
601901 SH 1 0.01
601918 SH 1 0.01
601919 SH 1 0.01
601928 SH 1 0.01
601929 SH 1 0.01
601933 SH 1 0.01
601939 SH 1 0.01
601958 SH 1 0.01
601966 SH 1 0.01
601968 SH 1 0.01
601985 SH 1 0.01
601988 SH 1 0.01
601989 SH 1 0.01
601991 SH 1 0.01
601992 SH 1 0.01
601997 SH 1 0.01
601998 SH 1 0.01
603000 SH 1 0.01
603001 SH 1 0.01
603005 SH 1 0.01
603008 SH 1 0.01
603012 SH 1 0.01
603019 SH 1 0.01
603025 SH 1 0.01
603026 SH 1 0.01
603058 SH 1 0.01
603077 SH 1 0.01
603098 SH 1 0.01
603108 SH 1 0.01
603111 SH 1 0.01
603116 SH 1 0.01
603117 SH 1 0.01
603118 SH 1 0.01
603126 SH 1 0.01
603128 SH 1 0.01
603133 SH 1 0.01
603156 SH 1 0.01
603157 SH 1 0.01
603160 SH 1 0.01
603166 SH 1 0.01
603169 SH 1 0.01
603188 SH 1 0.01
603198 SH 1 0.01
603227 SH 1 0.01
603228 SH 1 0.01
603258 SH 1 0.01
603260 SH 1 0.01
603288 SH 1 0.01
603298 SH 1 0.01
603299 SH 1 0.01
603308 SH 1 0.01
603313 SH 1 0.01
603323 SH 1 0.01
603328 SH 1 0.01
603338 SH 1 0.01
603339 SH 1 0.01
603355 SH 1 0.01
603358 SH 1 0.01
603368 SH 1 0.01
603369 SH 1 0.01
603377 SH 1 0.01
603393 SH 1 0.01
603398 SH 1 0.01
603399 SH 1 0.01
603421 SH 1 0.01
603444 SH 1 0.01
603456 SH 1 0.01
603508 SH 1 0.01
603515 SH 1 0.01
603528 SH 1 0.01
603556 SH 1 0.01
603559 SH 1 0.01
603566 SH 1 0.01
603567 SH 1 0.01
603568 SH 1 0.01
603569 SH 1 0.01
603579 SH 1 0.01
603588 SH 1 0.01
603589 SH 1 0.01
603600 SH 1 0.01
603603 SH 1 0.01
603609 SH 1 0.01
603618 SH 1 0.01
603636 SH 1 0.01
603658 SH 1 0.01
603660 SH 1 0.01
603669 SH 1 0.01
603678 SH 1 0.01
603686 SH 1 0.01
603698 SH 1 0.01
603708 SH 1 0.01
603712 SH 1 0.01
603718 SH 1 0.01
603727 SH 1 0.01
603737 SH 1 0.01
603766 SH 1 0.01
603777 SH 1 0.01
603779 SH 1 0.01
603799 SH 1 0.01
603800 SH 1 0.01
603806 SH 1 0.01
603808 SH 1 0.01
603816 SH 1 0.01
603818 SH 1 0.01
603833 SH 1 0.01
603843 SH 1 0.01
603858 SH 1 0.01
603861 SH 1 0.01
603866 SH 1 0.01
603868 SH 1 0.01
603877 SH 1 0.01
603881 SH 1 0.01
603883 SH 1 0.01
603888 SH 1 0.01
603898 SH 1 0.01
603900 SH 1 0.01
603919 SH 1 0.01
603936 SH 1 0.01
603939 SH 1 0.01
603958 SH 1 0.01
603959 SH 1 0.01
603969 SH 1 0.01
603979 SH 1 0.01
603986 SH 1 0.01
603989 SH 1 0.01
603993 SH 1 0.01
603996 SH 1 0.01
603997 SH 1 0.01
999999 SH 1 0.01
999987 SH 1 0.01
990032 SH 1 0.01
990033 SH 1 0.01
990034 SH 1 0.01
990035 SH 1 0.01
990036 SH 1 0.01
990037 SH 1 0.01
990038 SH 1 0.01
990039 SH 1 0.01
990040 SH 1 0.01
990041 SH 1 0.01
000300 SH 1 0.01
990905 SH 1 0.01
399001 SZ 1 0.01
399005 SZ 1 0.01
399006 SZ 1 0.01
399613 SZ 1 0.01
399614 SZ 1 0.01
399615 SZ 1 0.01
399616 SZ 1 0.01
399617 SZ 1 0.01
399618 SZ 1 0.01
399619 SZ 1 0.01
399620 SZ 1 0.01
399621 SZ 1 0.01
399622 SZ 1 0.01
399300 SZ 1 0.01
399905 SZ 1 0.01
